"0","# calcium"
"0","# Parametric Assumptions"
"0",""
"0","# Data Distribution"
"0",""
"0","# Frequency Histogram"
"0","hist(Primary_Samples$Ca....mmol.L.)"
