"0",""
"0","ggsave(filename = ""data-images/pH_fecundity_facet_boxplot.pdf"", plot = pH_fecundity_facet_boxplot, device = ""pdf"")"
"2","[38;5;255mSaving 6.84 x 4.23 in image[39m
"
